%YAML:1.0
---
ovinos: !!opencv-object-detector-hog
   winSize: [ 128, 64 ]
   blockSize: [ 16, 16 ]
   blockStride: [ 8, 8 ]
   cellSize: [ 8, 8 ]
   nbins: 9
   derivAperture: 1
   winSigma: 4.
   histogramNormType: 0
   L2HysThreshold: 2.0000000000000001e-01
   gammaCorrection: 1
   nlevels: 64
   signedGradient: 0
   SVMDetector: [ 1.09560373e-04, 2.16239900e-03, 7.32504018e-03,
       1.38858361e-02, 9.25111212e-03, -1.45816931e-03, -7.68778846e-03,
       -6.97846990e-03, 6.47101412e-03, 7.94504117e-03, 1.26582338e-02,
       8.35290551e-03, 7.50206690e-03, -5.35957236e-03, -1.35339471e-03,
       -2.06559096e-02, -2.51166429e-02, 4.68140279e-05, 8.37543420e-03,
       1.34668676e-02, 1.78117529e-02, 1.18711526e-02, 4.96461987e-03,
       -5.39918011e-03, -7.49309221e-03, -1.06632314e-03, 1.13102300e-02,
       2.01763548e-02, 2.26883702e-02, 1.34130334e-02, 2.45895004e-03,
       -1.87515989e-02, -1.30361086e-02, -9.85084940e-03,
       -9.12042055e-03, 1.80630628e-02, 2.06847955e-02, 1.50437802e-02,
       8.28000437e-03, 8.26620124e-03, -1.28130317e-02, 3.10409116e-03,
       -1.37743801e-02, -2.15738919e-02, 9.69975349e-03, 3.20803411e-02,
       1.84142161e-02, -4.51831007e-03, -3.63583723e-03, -1.10559491e-02,
       9.27015394e-03, -1.55023485e-02, -1.28817456e-02, 1.64383594e-02,
       2.94584353e-02, 3.14909481e-02, 1.02823982e-02, 3.25232814e-03,
       -1.57882255e-02, -7.79826753e-03, -9.03490838e-03,
       -4.15931828e-03, 2.33065579e-02, 3.11669540e-02, 3.47894654e-02,
       2.27527507e-03, -9.48910229e-03, -1.85422096e-02, -4.39031515e-03,
       -2.57114694e-02, -1.65326037e-02, 4.02101921e-03, 2.91704480e-02,
       2.16578413e-02, -6.86798710e-03, -1.05792480e-02, 4.09845077e-03,
       1.96638610e-03, -1.03581958e-02, -1.14098685e-02, 1.15169575e-02,
       1.85532738e-02, 1.50080193e-02, 5.16026048e-04, -1.32500939e-03,
       6.89108996e-03, -5.77204442e-03, -1.72451250e-02, -1.98580623e-02,
       8.09781440e-03, 3.02787106e-02, 3.06154117e-02, 1.46971783e-03,
       -5.92694804e-03, -2.08822265e-03, -8.82498734e-03,
       -2.89432164e-02, -2.69355550e-02, 7.05404719e-03, 2.67244447e-02,
       2.27664653e-02, 2.22470891e-03, 6.44929335e-03, 5.37493685e-03,
       -6.25081453e-03, -2.33958978e-02, -1.56543888e-02, 1.45765413e-02,
       1.87343974e-02, 4.60753497e-03, 1.81139132e-03, 1.03551466e-02,
       -7.20262388e-03, -7.63491169e-03, -1.96537171e-02,
       -1.71486698e-02, 1.12578357e-02, 2.03717742e-02, 1.72051881e-02,
       8.36962555e-03, 2.02677101e-02, -5.81977749e-03, -1.15055041e-02,
       -2.37144325e-02, -2.12087166e-02, 7.76022859e-03, 1.63159762e-02,
       9.18192882e-03, 1.59190292e-03, 1.96583960e-02, 7.56171125e-04,
       -7.88220856e-03, -1.97827127e-02, -1.20374765e-02, 1.05306683e-02,
       1.89842954e-02, 1.90664660e-02, 1.34058101e-02, 2.69028023e-02,
       8.11811443e-03, -1.41413612e-02, -2.46244185e-02, -1.17877908e-02,
       1.70888044e-02, 4.39903606e-03, 2.95045059e-02, 1.72842667e-02,
       1.90114826e-02, -1.28028747e-02, -7.57538527e-03, -2.16390360e-02,
       -1.48840500e-02, -1.49865868e-03, 3.98466876e-03, 3.07419263e-02,
       1.98607184e-02, 2.04331111e-02, 4.51929634e-03, -2.21066433e-03,
       -1.96585841e-02, 2.25174148e-03, -2.79113255e-03, 1.54799838e-02,
       2.19100695e-02, 5.50884474e-03, 1.78523064e-02, -5.04269032e-03,
       -1.20802773e-02, -2.09087469e-02, -9.16259456e-03, 9.38556716e-03,
       2.16400512e-02, 3.11575178e-02, 8.43769312e-03, 1.33496663e-02,
       -6.22536568e-03, -6.65161666e-03, -2.61965320e-02,
       -4.25058836e-03, 3.49253928e-03, 1.95957683e-02, 2.01482847e-02,
       8.79660342e-03, 1.76265184e-02, -5.73081151e-03, -7.76977185e-03,
       -2.21166722e-02, 1.18762674e-02, 9.80224460e-03, 3.25279050e-02,
       2.39451863e-02, 2.03073863e-03, 1.37005337e-02, -4.18808637e-03,
       8.57869338e-04, -1.67910736e-02, 1.39659727e-02, 1.02484552e-02,
       1.41739361e-02, 2.88211089e-02, 1.03408573e-02, 1.77117661e-02,
       -1.02621336e-02, -1.42073128e-02, -3.42715755e-02,
       -5.85838454e-03, 1.55042938e-03, 2.22490728e-02, 2.17059031e-02,
       4.73456597e-03, 1.42513271e-02, -1.37738539e-02, -8.45257845e-03,
       -1.92315783e-02, 5.36124920e-03, 5.04550105e-03, 1.79143585e-02,
       1.56075498e-02, -3.60276434e-03, -2.55656801e-03, -1.45553593e-02,
       7.63870822e-03, -1.58089530e-02, 5.79192443e-03, 1.43377362e-02,
       9.27595887e-03, 1.09599512e-02, 8.40643421e-03, 2.22423598e-02,
       1.47695951e-02, 1.39620928e-02, -1.08335884e-02, 6.35761302e-04,
       9.30628739e-03, 9.99264698e-03, 8.90339166e-03, -8.62102024e-03,
       4.43536974e-03, -1.63933840e-02, 4.71678702e-03, -1.33466702e-02,
       6.88455952e-03, 9.83393472e-03, 1.19478535e-03, 9.41633992e-03,
       -1.81641860e-03, 1.61808766e-02, 4.81402967e-03, 9.00694635e-03,
       -8.33968259e-03, 7.94954132e-03, 1.84564553e-02, 1.09361177e-02,
       1.06937438e-02, 1.11008007e-02, 4.16184869e-03, -1.39463954e-02,
       -6.50104182e-03, -6.69100229e-03, 2.12355377e-03, 1.18415160e-02,
       1.99027937e-02, 1.98937152e-02, 9.51106753e-03, -6.61740429e-04,
       -3.00528780e-02, -1.99546684e-02, -3.10762320e-03, 3.94367939e-03,
       1.85791645e-02, 8.89521185e-03, 5.93315903e-03, 1.42955361e-02,
       7.78422505e-03, -1.05134258e-02, -6.22578897e-03, -9.82663594e-03,
       -3.11503513e-03, 7.90700666e-04, 8.37090425e-03, 1.68862399e-02,
       4.78992984e-03, -1.74299930e-03, -2.76154894e-02, -1.57557502e-02,
       -2.23985873e-03, 3.72391776e-03, 9.14056727e-04, 1.89743247e-02,
       1.34607693e-02, -2.28557573e-03, -4.46472643e-03, -2.00879984e-02,
       -7.71963876e-03, -1.29295466e-03, 8.13654531e-03, 1.73423551e-02,
       1.60442777e-02, 1.43831037e-02, -1.19300364e-02, -1.45492132e-03,
       -1.02299294e-02, -1.05323314e-04, -2.34839544e-02,
       -1.36828749e-02, 2.23266450e-03, 1.08286850e-02, 9.05947480e-03,
       -5.82497241e-03, -5.49959159e-03, -1.94980800e-02,
       -4.44383780e-03, 6.38872501e-04, 8.62588920e-03, 6.21854374e-03,
       1.39225684e-02, 1.75888359e-03, -1.20397462e-02, 1.18116708e-02,
       -2.55567022e-03, 9.34245810e-03, -7.97449984e-03, -9.87253804e-03,
       1.52935209e-02, 2.57232729e-02, 1.58156566e-02, -1.44054247e-02,
       -2.53015640e-03, -1.88176055e-02, -1.53169353e-02,
       -3.17413434e-02, -1.50284125e-02, 1.05824452e-02, 3.15921381e-02,
       6.56270748e-03, -1.35648232e-02, 1.65507267e-03, -6.69741211e-03,
       -1.45911621e-02, -2.82881968e-02, -2.07059439e-02, 1.79142188e-02,
       2.90963463e-02, 1.84158061e-03, -1.37955174e-02, 7.65344687e-03,
       -5.60250366e-03, -7.34858308e-03, -1.78154036e-02,
       -9.87567753e-03, 1.85657479e-02, 3.09224613e-02, 2.80173542e-03,
       -1.37204360e-02, 6.55283500e-03, -2.09060200e-02, -8.76475871e-03,
       -4.29824926e-03, -4.12380975e-03, 1.50733246e-02, 2.28097383e-02,
       6.31847745e-03, -7.90099800e-03, 6.13397686e-03, -1.09451497e-02,
       -6.97364518e-03, -1.40516069e-02, -1.15027865e-02, 1.34248072e-02,
       1.49358297e-02, 1.67014357e-02, 5.69866784e-03, 7.55176740e-03,
       -1.57188922e-02, -1.68506820e-02, -1.62625331e-02,
       -2.49617873e-03, 1.56951156e-02, 2.76386682e-02, 8.32302961e-03,
       -8.82736593e-03, -5.93699189e-03, -3.29729319e-02,
       -3.88200651e-03, -2.35046633e-03, 4.71051876e-03, 1.65812504e-02,
       1.73566975e-02, 3.87281482e-03, -8.22695624e-03, -7.80456560e-03,
       -3.29164900e-02, -1.05438000e-02, -1.19755203e-02, 5.39950049e-03,
       2.82274056e-02, 1.27506237e-02, 1.05719678e-02, 3.54532339e-03,
       9.36158653e-03, -1.23201543e-02, -1.66132301e-02, -1.23817818e-02,
       -5.58444481e-05, 7.08704488e-03, 3.24402824e-02, 2.52516475e-02,
       3.20762163e-03, 3.50856967e-03, -1.63432322e-02, -1.44394031e-02,
